0 0 0.006223
0 -1.2446e-06 0.006223
0 -2.4892e-06 0.006223
0 -3.7338e-06 0.006223
0 -4.9784e-06 0.006223
0 -6.223e-06 0.006223
0 -7.4676e-06 0.006223
0 -8.7122e-06 0.006223
0 -9.9568e-06 0.006223
0 -1.12014e-05 0.006223
0 -1.2446e-05 0.006223
0 -1.36906e-05 0.006223
0 -1.49352e-05 0.006223
0 -1.61798e-05 0.006223
0 -1.74244e-05 0.006223
0 -1.8669e-05 0.006223
0 -1.99136e-05 0.006223
0 -2.11582e-05 0.006223
0 -2.24028e-05 0.006223
0 -2.36474e-05 0.006223
0 -2.4892e-05 0.006223
0 -2.61366e-05 0.006223
0 -2.73812e-05 0.006223
0 -2.86258e-05 0.006223
0 -2.98704e-05 0.006223
0 -3.1115e-05 0.006223
0 -3.23596e-05 0.006223
0 -3.36042e-05 0.006223
0 -3.48488e-05 0.006223
0 -3.60934e-05 0.006223
0 -3.7338e-05 0.006223
0 -3.85826e-05 0.006223
0 -3.98272e-05 0.006223
0 -4.10718e-05 0.006223
0 -4.23164e-05 0.006223
0 -4.3561e-05 0.006223
0 -4.48056e-05 0.006223
0 -4.60502e-05 0.006223
0 -4.72948e-05 0.006223
0 -4.85394e-05 0.006223
0 -4.9784e-05 0.006223
0 -5.10286e-05 0.006223
0 -5.22732e-05 0.006223
0 -5.35178e-05 0.006223
0 -5.47624e-05 0.006223
0 -5.6007e-05 0.006223
0 -5.72516e-05 0.006223
0 -5.84962e-05 0.006223
0 -5.97408e-05 0.006223
0 -6.09854e-05 0.006223
0 -6.223e-05 0.006223
0 -6.34746e-05 0.006223
0 -6.47192e-05 0.006223
0 -6.59638e-05 0.006223
0 -6.72084e-05 0.006223
0 -6.8453e-05 0.006223
0 -6.96976e-05 0.006223
0 -7.09422e-05 0.006223
0 -7.21868e-05 0.006223
0 -7.34314e-05 0.006223
0 -7.4676e-05 0.006223
0 -7.59206e-05 0.006223
0 -7.71652e-05 0.006223
0 -7.84098e-05 0.006223
0 -7.96544e-05 0.006223
0 -8.0899e-05 0.006223
0 -8.21436e-05 0.006223
0 -8.33882e-05 0.006223
0 -8.46328e-05 0.006223
0 -8.58774e-05 0.006223
0 -8.7122e-05 0.006223
0 -8.83666e-05 0.006223
0 -8.96112e-05 0.006223
0 -9.08558e-05 0.006223
0 -9.21004e-05 0.006223
0 -9.3345e-05 0.006223
0 -9.45896e-05 0.006223
0 -9.58342e-05 0.006223
0 -9.70788e-05 0.006223
0 -9.83234e-05 0.006223
0 -9.9568e-05 0.006223
0 -0.0001008126 0.006223
0 -0.0001020572 0.006223
0 -0.0001033018 0.006223
0 -0.0001045464 0.006223
0 -0.000105791 0.006223
0 -0.0001070356 0.006223
0 -0.0001082802 0.006223
0 -0.0001095248 0.006223
0 -0.0001107694 0.006223
0 -0.000112014 0.006223
0 -0.0001132586 0.006223
0 -0.0001145032 0.006223
0 -0.0001157478 0.006223
0 -0.0001169924 0.006223
0 -0.000118237 0.006223
0 -0.0001194816 0.006223
0 -0.0001207262 0.006223
0 -0.0001219708 0.006223
0 -0.0001232154 0.006223
0 -0.00012446 0.006223
0 -0.0001257046 0.006223
0 -0.0001269492 0.006223
0 -0.0001281938 0.006223
0 -0.0001294384 0.006223
0 -0.000130683 0.006223
0 -0.0001319276 0.006223
0 -0.0001331722 0.006223
0 -0.0001344168 0.006223
0 -0.0001356614 0.006223
0 -0.000136906 0.006223
0 -0.0001381506 0.006223
0 -0.0001393952 0.006223
0 -0.0001406398 0.006223
0 -0.0001418844 0.006223
0 -0.000143129 0.006223
0 -0.0001443736 0.006223
0 -0.0001456182 0.006223
0 -0.0001468628 0.006223
0 -0.0001481074 0.006223
0 -0.000149352 0.006223
0 -0.0001505966 0.006223
0 -0.0001518412 0.006223
0 -0.0001530858 0.006223
0 -0.0001543304 0.006223
0 -0.000155575 0.006223
0 -0.0001568196 0.006223
0 -0.0001580642 0.006223
0 -0.0001593088 0.006223
0 -0.0001605534 0.006223
0 -0.000161798 0.006223
0 -0.0001630426 0.006223
0 -0.0001642872 0.006223
0 -0.0001655318 0.006223
0 -0.0001667764 0.006223
0 -0.000168021 0.006223
0 -0.0001692656 0.006223
0 -0.0001705102 0.006223
0 -0.0001717548 0.006223
0 -0.0001729994 0.006223
0 -0.000174244 0.006223
0 -0.0001754886 0.006223
0 -0.0001767332 0.006223
0 -0.0001779778 0.006223
0 -0.0001792224 0.006223
0 -0.000180467 0.006223
0 -0.0001817116 0.006223
0 -0.0001829562 0.006223
0 -0.0001842008 0.006223
0 -0.0001854454 0.006223
0 -0.00018669 0.006223
0 -0.0001879346 0.006223
0 -0.0001891792 0.006223
0 -0.0001904238 0.006223
0 -0.0001916684 0.006223
0 -0.000192913 0.006223
0 -0.0001941576 0.006223
0 -0.0001954022 0.006223
0 -0.0001966468 0.006223
0 -0.0001978914 0.006223
0 -0.000199136 0.006223
0 -0.0002003806 0.006223
0 -0.0002016252 0.006223
0 -0.0002028698 0.006223
0 -0.0002041144 0.006223
0 -0.000205359 0.006223
0 -0.0002066036 0.006223
0 -0.0002078482 0.006223
0 -0.0002090928 0.006223
0 -0.0002103374 0.006223
0 -0.000211582 0.006223
0 -0.0002128266 0.006223
0 -0.0002140712 0.006223
0 -0.0002153158 0.006223
0 -0.0002165604 0.006223
0 -0.000217805 0.006223
0 -0.0002190496 0.006223
0 -0.0002202942 0.006223
0 -0.0002215388 0.006223
0 -0.0002227834 0.006223
0 -0.000224028 0.006223
0 -0.0002252726 0.006223
0 -0.0002265172 0.006223
0 -0.0002277618 0.006223
0 -0.0002290064 0.006223
0 -0.000230251 0.006223
0 -0.0002314956 0.006223
0 -0.0002327402 0.006223
0 -0.0002339848 0.006223
0 -0.0002352294 0.006223
0 -0.000236474 0.006223
0 -0.0002377186 0.006223
0 -0.0002389632 0.006223
0 -0.0002402078 0.006223
0 -0.0002414524 0.006223
0 -0.000242697 0.006223
0 -0.0002439416 0.006223
0 -0.0002451862 0.006223
0 -0.0002464308 0.006223
0 -0.0002476754 0.006223
0 -0.00024892 0.006223
0 -0.0002501646 0.006223
0 -0.0002514092 0.006223
0 -0.0002526538 0.006223
0 -0.0002538984 0.006223
0 -0.000255143 0.006223
0 -0.0002563876 0.006223
0 -0.0002576322 0.006223
0 -0.0002588768 0.006223
0 -0.0002601214 0.006223
0 -0.000261366 0.006223
0 -0.0002626106 0.006223
0 -0.0002638552 0.006223
0 -0.0002650998 0.006223
0 -0.0002663444 0.006223
0 -0.000267589 0.006223
0 -0.0002688336 0.006223
0 -0.0002700782 0.006223
0 -0.0002713228 0.006223
0 -0.0002725674 0.006223
0 -0.000273812 0.006223
0 -0.0002750566 0.006223
0 -0.0002763012 0.006223
0 -0.0002775458 0.006223
0 -0.0002787904 0.006223
0 -0.000280035 0.006223
0 -0.0002812796 0.006223
0 -0.0002825242 0.006223
0 -0.0002837688 0.006223
0 -0.0002850134 0.006223
0 -0.000286258 0.006223
0 -0.0002875026 0.006223
0 -0.0002887472 0.006223
0 -0.0002899918 0.006223
0 -0.0002912364 0.006223
0 -0.000292481 0.006223
0 -0.0002937256 0.006223
0 -0.0002949702 0.006223
0 -0.0002962148 0.006223
0 -0.0002974594 0.006223
0 -0.000298704 0.006223
0 -0.0002999486 0.006223
0 -0.0003011932 0.006223
0 -0.0003024378 0.006223
0 -0.0003036824 0.006223
0 -0.000304927 0.006223
0 -0.0003061716 0.006223
0 -0.0003074162 0.006223
0 -0.0003086608 0.006223
0 -0.0003099054 0.006223
0 -0.00031115 0.006223
0 -0.0003123946 0.006223
0 -0.0003136392 0.006223
0 -0.0003148838 0.006223
0 -0.0003161284 0.006223
0 -0.000317373 0.006223
0 -0.0003186176 0.006223
0 -0.0003198622 0.006223
0 -0.0003211068 0.006223
0 -0.0003223514 0.006223
0 -0.000323596 0.006223
0 -0.0003248406 0.006223
0 -0.0003260852 0.006223
0 -0.0003273298 0.006223
0 -0.0003285744 0.006223
0 -0.000329819 0.006223
0 -0.0003310636 0.006223
0 -0.0003323082 0.006223
0 -0.0003335528 0.006223
0 -0.0003347974 0.006223
0 -0.000336042 0.006223
0 -0.0003372866 0.006223
0 -0.0003385312 0.006223
0 -0.0003397758 0.006223
0 -0.0003410204 0.006223
0 -0.000342265 0.006223
0 -0.0003435096 0.006223
0 -0.0003447542 0.006223
0 -0.0003459988 0.006223
0 -0.0003472434 0.006223
0 -0.000348488 0.006223
0 -0.0003497326 0.006223
0 -0.0003509772 0.006223
0 -0.0003522218 0.006223
0 -0.0003534664 0.006223
0 -0.000354711 0.006223
0 -0.0003559556 0.006223
0 -0.0003572002 0.006223
0 -0.0003584448 0.006223
0 -0.0003596894 0.006223
0 -0.000360934 0.006223
0 -0.0003621786 0.006223
0 -0.0003634232 0.006223
0 -0.0003646678 0.006223
0 -0.0003659124 0.006223
0 -0.000367157 0.006223
0 -0.0003684016 0.006223
0 -0.0003696462 0.006223
0 -0.0003708908 0.006223
0 -0.0003721354 0.006223
0 -0.00037338 0.006223
0 -0.0003746246 0.006223
0 -0.0003758692 0.006223
0 -0.0003771138 0.006223
0 -0.0003783584 0.006223
0 -0.000379603 0.006223
0 -0.0003808476 0.006223
0 -0.0003820922 0.006223
0 -0.0003833368 0.006223
0 -0.0003845814 0.006223
0 -0.000385826 0.006223
0 -0.0003870706 0.006223
0 -0.0003883152 0.006223
0 -0.0003895598 0.006223
0 -0.0003908044 0.006223
0 -0.000392049 0.006223
0 -0.0003932936 0.006223
0 -0.0003945382 0.006223
0 -0.0003957828 0.006223
0 -0.0003970274 0.006223
0 -0.000398272 0.006223
0 -0.0003995166 0.006223
0 -0.0004007612 0.006223
0 -0.0004020058 0.006223
0 -0.0004032504 0.006223
0 -0.000404495 0.006223
0 -0.0004057396 0.006223
0 -0.0004069842 0.006223
0 -0.0004082288 0.006223
0 -0.0004094734 0.006223
0 -0.000410718 0.006223
0 -0.0004119626 0.006223
0 -0.0004132072 0.006223
0 -0.0004144518 0.006223
0 -0.0004156964 0.006223
0 -0.000416941 0.006223
0 -0.0004181856 0.006223
0 -0.0004194302 0.006223
0 -0.0004206748 0.006223
0 -0.0004219194 0.006223
0 -0.000423164 0.006223
0 -0.0004244086 0.006223
0 -0.0004256532 0.006223
0 -0.0004268978 0.006223
0 -0.0004281424 0.006223
0 -0.000429387 0.006223
0 -0.0004306316 0.006223
0 -0.0004318762 0.006223
0 -0.0004331208 0.006223
0 -0.0004343654 0.006223
0 -0.00043561 0.006223
0 -0.0004368546 0.006223
0 -0.0004380992 0.006223
0 -0.0004393438 0.006223
0 -0.0004405884 0.006223
0 -0.000441833 0.006223
0 -0.0004430776 0.006223
0 -0.0004443222 0.006223
0 -0.0004455668 0.006223
0 -0.0004468114 0.006223
0 -0.000448056 0.006223
0 -0.0004493006 0.006223
0 -0.0004505452 0.006223
0 -0.0004517898 0.006223
0 -0.0004530344 0.006223
0 -0.000454279 0.006223
0 -0.0004555236 0.006223
0 -0.0004567682 0.006223
0 -0.0004580128 0.006223
0 -0.0004592574 0.006223
0 -0.000460502 0.006223
0 -0.0004617466 0.006223
0 -0.0004629912 0.006223
0 -0.0004642358 0.006223
0 -0.0004654804 0.006223
0 -0.000466725 0.006223
0 -0.0004679696 0.006223
0 -0.0004692142 0.006223
0 -0.0004704588 0.006223
0 -0.0004717034 0.006223
0 -0.000472948 0.006223
0 -0.0004741926 0.006223
0 -0.0004754372 0.006223
0 -0.0004766818 0.006223
0 -0.0004779264 0.006223
0 -0.000479171 0.006223
0 -0.0004804156 0.006223
0 -0.0004816602 0.006223
0 -0.0004829048 0.006223
0 -0.0004841494 0.006223
0 -0.000485394 0.006223
0 -0.0004866386 0.006223
0 -0.0004878832 0.006223
0 -0.0004891278 0.006223
0 -0.0004903724 0.006223
0 -0.000491617 0.006223
0 -0.0004928616 0.006223
0 -0.0004941062 0.006223
0 -0.0004953508 0.006223
0 -0.0004965954 0.006223
0 -0.00049784 0.006223
0 -0.0004990846 0.006223
0 -0.0005003292 0.006223
0 -0.0005015738 0.006223
0 -0.0005028184 0.006223
0 -0.000504063 0.006223
0 -0.0005053076 0.006223
0 -0.0005065522 0.006223
0 -0.0005077968 0.006223
0 -0.0005090414 0.006223
0 -0.000510286 0.006223
0 -0.0005115306 0.006223
0 -0.0005127752 0.006223
0 -0.0005140198 0.006223
0 -0.0005152644 0.006223
0 -0.000516509 0.006223
0 -0.0005177536 0.006223
0 -0.0005189982 0.006223
0 -0.0005202428 0.006223
0 -0.0005214874 0.006223
0 -0.000522732 0.006223
0 -0.0005239766 0.006223
0 -0.0005252212 0.006223
0 -0.0005264658 0.006223
0 -0.0005277104 0.006223
0 -0.000528955 0.006223
0 -0.0005301996 0.006223
0 -0.0005314442 0.006223
0 -0.0005326888 0.006223
0 -0.0005339334 0.006223
0 -0.000535178 0.006223
0 -0.0005364226 0.006223
0 -0.0005376672 0.006223
0 -0.0005389118 0.006223
0 -0.0005401564 0.006223
0 -0.000541401 0.006223
0 -0.0005426456 0.006223
0 -0.0005438902 0.006223
0 -0.0005451348 0.006223
0 -0.0005463794 0.006223
0 -0.000547624 0.006223
0 -0.0005488686 0.006223
0 -0.0005501132 0.006223
0 -0.0005513578 0.006223
0 -0.0005526024 0.006223
0 -0.000553847 0.006223
0 -0.0005550916 0.006223
0 -0.0005563362 0.006223
0 -0.0005575808 0.006223
0 -0.0005588254 0.006223
0 -0.00056007 0.006223
0 -0.0005613146 0.006223
0 -0.0005625592 0.006223
0 -0.0005638038 0.006223
0 -0.0005650484 0.006223
0 -0.000566293 0.006223
0 -0.0005675376 0.006223
0 -0.0005687822 0.006223
0 -0.0005700268 0.006223
0 -0.0005712714 0.006223
0 -0.000572516 0.006223
0 -0.0005737606 0.006223
0 -0.0005750052 0.006223
0 -0.0005762498 0.006223
0 -0.0005774944 0.006223
0 -0.000578739 0.006223
0 -0.0005799836 0.006223
0 -0.0005812282 0.006223
0 -0.0005824728 0.006223
0 -0.0005837174 0.006223
0 -0.000584962 0.006223
0 -0.0005862066 0.006223
0 -0.0005874512 0.006223
0 -0.0005886958 0.006223
0 -0.0005899404 0.006223
0 -0.000591185 0.006223
0 -0.0005924296 0.006223
0 -0.0005936742 0.006223
0 -0.0005949188 0.006223
0 -0.0005961634 0.006223
0 -0.000597408 0.006223
0 -0.0005986526 0.006223
0 -0.0005998972 0.006223
0 -0.0006011418 0.006223
0 -0.0006023864 0.006223
0 -0.000603631 0.006223
0 -0.0006048756 0.006223
0 -0.0006061202 0.006223
0 -0.0006073648 0.006223
0 -0.0006086094 0.006223
0 -0.000609854 0.006223
0 -0.0006110986 0.006223
0 -0.0006123432 0.006223
0 -0.0006135878 0.006223
0 -0.0006148324 0.006223
0 -0.000616077 0.006223
0 -0.0006173216 0.006223
0 -0.0006185662 0.006223
0 -0.0006198108 0.006223
0 -0.0006210554 0.006223
0 -0.0006223 0.006223
0 -0.0006235446 0.006223
0 -0.0006247892 0.006223
0 -0.0006260338 0.006223
0 -0.0006272784 0.006223
0 -0.000628523 0.006223
0 -0.0006297676 0.006223
0 -0.0006310122 0.006223
0 -0.0006322568 0.006223
0 -0.0006335014 0.006223
0 -0.000634746 0.006223
0 -0.0006359906 0.006223
0 -0.0006372352 0.006223
0 -0.0006384798 0.006223
0 -0.0006397244 0.006223
0 -0.000640969 0.006223
0 -0.0006422136 0.006223
0 -0.0006434582 0.006223
0 -0.0006447028 0.006223
0 -0.0006459474 0.006223
0 -0.000647192 0.006223
0 -0.0006484366 0.006223
0 -0.0006496812 0.006223
0 -0.0006509258 0.006223
0 -0.0006521704 0.006223
0 -0.000653415 0.006223
0 -0.0006546596 0.006223
0 -0.0006559042 0.006223
0 -0.0006571488 0.006223
0 -0.0006583934 0.006223
0 -0.000659638 0.006223
0 -0.0006608826 0.006223
0 -0.0006621272 0.006223
0 -0.0006633718 0.006223
0 -0.0006646164 0.006223
0 -0.000665861 0.006223
0 -0.0006671056 0.006223
0 -0.0006683502 0.006223
0 -0.0006695948 0.006223
0 -0.0006708394 0.006223
0 -0.000672084 0.006223
0 -0.0006733286 0.006223
0 -0.0006745732 0.006223
0 -0.0006758178 0.006223
0 -0.0006770624 0.006223
0 -0.000678307 0.006223
0 -0.0006795516 0.006223
0 -0.0006807962 0.006223
0 -0.0006820408 0.006223
0 -0.0006832854 0.006223
0 -0.00068453 0.006223
0 -0.0006857746 0.006223
0 -0.0006870192 0.006223
0 -0.0006882638 0.006223
0 -0.0006895084 0.006223
0 -0.000690753 0.006223
0 -0.0006919976 0.006223
0 -0.0006932422 0.006223
0 -0.0006944868 0.006223
0 -0.0006957314 0.006223
0 -0.000696976 0.006223
0 -0.0006982206 0.006223
0 -0.0006994652 0.006223
0 -0.0007007098 0.006223
0 -0.0007019544 0.006223
0 -0.000703199 0.006223
0 -0.0007044436 0.006223
0 -0.0007056882 0.006223
0 -0.0007069328 0.006223
0 -0.0007081774 0.006223
0 -0.000709422 0.006223
0 -0.0007106666 0.006223
0 -0.0007119112 0.006223
0 -0.0007131558 0.006223
0 -0.0007144004 0.006223
0 -0.000715645 0.006223
0 -0.0007168896 0.006223
0 -0.0007181342 0.006223
0 -0.0007193788 0.006223
0 -0.0007206234 0.006223
0 -0.000721868 0.006223
0 -0.0007231126 0.006223
0 -0.0007243572 0.006223
0 -0.0007256018 0.006223
0 -0.0007268464 0.006223
0 -0.000728091 0.006223
0 -0.0007293356 0.006223
0 -0.0007305802 0.006223
0 -0.0007318248 0.006223
0 -0.0007330694 0.006223
0 -0.000734314 0.006223
0 -0.0007355586 0.006223
0 -0.0007368032 0.006223
0 -0.0007380478 0.006223
0 -0.0007392924 0.006223
0 -0.000740537 0.006223
0 -0.0007417816 0.006223
0 -0.0007430262 0.006223
0 -0.0007442708 0.006223
0 -0.0007455154 0.006223
0 -0.00074676 0.006223
0 -0.0007480046 0.006223
0 -0.0007492492 0.006223
0 -0.0007504938 0.006223
0 -0.0007517384 0.006223
0 -0.000752983 0.006223
0 -0.0007542276 0.006223
0 -0.0007554722 0.006223
0 -0.0007567168 0.006223
0 -0.0007579614 0.006223
0 -0.000759206 0.006223
0 -0.0007604506 0.006223
0 -0.0007616952 0.006223
0 -0.0007629398 0.006223
0 -0.0007641844 0.006223
0 -0.000765429 0.006223
0 -0.0007666736 0.006223
0 -0.0007679182 0.006223
0 -0.0007691628 0.006223
0 -0.0007704074 0.006223
0 -0.000771652 0.006223
0 -0.0007728966 0.006223
0 -0.0007741412 0.006223
0 -0.0007753858 0.006223
0 -0.0007766304 0.006223
0 -0.000777875 0.006223
0 -0.0007791196 0.006223
0 -0.0007803642 0.006223
0 -0.0007816088 0.006223
0 -0.0007828534 0.006223
0 -0.000784098 0.006223
0 -0.0007853426 0.006223
0 -0.0007865872 0.006223
0 -0.0007878318 0.006223
0 -0.0007890764 0.006223
0 -0.000790321 0.006223
0 -0.0007915656 0.006223
0 -0.0007928102 0.006223
0 -0.0007940548 0.006223
0 -0.0007952994 0.006223
0 -0.000796544 0.006223
0 -0.0007977886 0.006223
0 -0.0007990332 0.006223
0 -0.0008002778 0.006223
0 -0.0008015224 0.006223
0 -0.000802767 0.006223
0 -0.0008040116 0.006223
0 -0.0008052562 0.006223
0 -0.0008065008 0.006223
0 -0.0008077454 0.006223
0 -0.00080899 0.006223
0 -0.0008102346 0.006223
0 -0.0008114792 0.006223
0 -0.0008127238 0.006223
0 -0.0008139684 0.006223
0 -0.000815213 0.006223
0 -0.0008164576 0.006223
0 -0.0008177022 0.006223
0 -0.0008189468 0.006223
0 -0.0008201914 0.006223
0 -0.000821436 0.006223
0 -0.0008226806 0.006223
0 -0.0008239252 0.006223
0 -0.0008251698 0.006223
0 -0.0008264144 0.006223
0 -0.000827659 0.006223
0 -0.0008289036 0.006223
0 -0.0008301482 0.006223
0 -0.0008313928 0.006223
0 -0.0008326374 0.006223
0 -0.000833882 0.006223
0 -0.0008351266 0.006223
0 -0.0008363712 0.006223
0 -0.0008376158 0.006223
0 -0.0008388604 0.006223
0 -0.000840105 0.006223
0 -0.0008413496 0.006223
0 -0.0008425942 0.006223
0 -0.0008438388 0.006223
0 -0.0008450834 0.006223
0 -0.000846328 0.006223
0 -0.0008475726 0.006223
0 -0.0008488172 0.006223
0 -0.0008500618 0.006223
0 -0.0008513064 0.006223
0 -0.000852551 0.006223
0 -0.0008537956 0.006223
0 -0.0008550402 0.006223
0 -0.0008562848 0.006223
0 -0.0008575294 0.006223
0 -0.000858774 0.006223
0 -0.0008600186 0.006223
0 -0.0008612632 0.006223
0 -0.0008625078 0.006223
0 -0.0008637524 0.006223
0 -0.000864997 0.006223
0 -0.0008662416 0.006223
0 -0.0008674862 0.006223
0 -0.0008687308 0.006223
0 -0.0008699754 0.006223
0 -0.00087122 0.006223
0 -0.0008724646 0.006223
0 -0.0008737092 0.006223
0 -0.0008749538 0.006223
0 -0.0008761984 0.006223
0 -0.000877443 0.006223
0 -0.0008786876 0.006223
0 -0.0008799322 0.006223
0 -0.0008811768 0.006223
0 -0.0008824214 0.006223
0 -0.000883666 0.006223
0 -0.0008849106 0.006223
0 -0.0008861552 0.006223
0 -0.0008873998 0.006223
0 -0.0008886444 0.006223
0 -0.000889889 0.006223
0 -0.0008911336 0.006223
0 -0.0008923782 0.006223
0 -0.0008936228 0.006223
0 -0.0008948674 0.006223
0 -0.000896112 0.006223
0 -0.0008973566 0.006223
0 -0.0008986012 0.006223
0 -0.0008998458 0.006223
0 -0.0009010904 0.006223
0 -0.000902335 0.006223
0 -0.0009035796 0.006223
0 -0.0009048242 0.006223
0 -0.0009060688 0.006223
0 -0.0009073134 0.006223
0 -0.000908558 0.006223
0 -0.0009098026 0.006223
0 -0.0009110472 0.006223
0 -0.0009122918 0.006223
0 -0.0009135364 0.006223
0 -0.000914781 0.006223
0 -0.0009160256 0.006223
0 -0.0009172702 0.006223
0 -0.0009185148 0.006223
0 -0.0009197594 0.006223
0 -0.000921004 0.006223
0 -0.0009222486 0.006223
0 -0.0009234932 0.006223
0 -0.0009247378 0.006223
0 -0.0009259824 0.006223
0 -0.000927227 0.006223
0 -0.0009284716 0.006223
0 -0.0009297162 0.006223
0 -0.0009309608 0.006223
0 -0.0009322054 0.006223
0 -0.00093345 0.006223
0 -0.0009346946 0.006223
0 -0.0009359392 0.006223
0 -0.0009371838 0.006223
0 -0.0009384284 0.006223
0 -0.000939673 0.006223
0 -0.0009409176 0.006223
0 -0.0009421622 0.006223
0 -0.0009434068 0.006223
0 -0.0009446514 0.006223
0 -0.000945896 0.006223
0 -0.0009471406 0.006223
0 -0.0009483852 0.006223
0 -0.0009496298 0.006223
0 -0.0009508744 0.006223
0 -0.000952119 0.006223
0 -0.0009533636 0.006223
0 -0.0009546082 0.006223
0 -0.0009558528 0.006223
0 -0.0009570974 0.006223
0 -0.000958342 0.006223
0 -0.0009595866 0.006223
0 -0.0009608312 0.006223
0 -0.0009620758 0.006223
0 -0.0009633204 0.006223
0 -0.000964565 0.006223
0 -0.0009658096 0.006223
0 -0.0009670542 0.006223
0 -0.0009682988 0.006223
0 -0.0009695434 0.006223
0 -0.000970788 0.006223
0 -0.0009720326 0.006223
0 -0.0009732772 0.006223
0 -0.0009745218 0.006223
0 -0.0009757664 0.006223
0 -0.000977011 0.006223
0 -0.0009782556 0.006223
0 -0.0009795002 0.006223
0 -0.0009807448 0.006223
0 -0.0009819894 0.006223
0 -0.000983234 0.006223
0 -0.0009844786 0.006223
0 -0.0009857232 0.006223
0 -0.0009869678 0.006223
0 -0.0009882124 0.006223
0 -0.000989457 0.006223
0 -0.0009907016 0.006223
0 -0.0009919462 0.006223
0 -0.0009931908 0.006223
0 -0.0009944354 0.006223
0 -0.00099568 0.006223
0 -0.0009969246 0.006223
0 -0.0009981692 0.006223
0 -0.0009994138 0.006223
0 -0.0010006584 0.006223
0 -0.001001903 0.006223
0 -0.0010031476 0.006223
0 -0.0010043922 0.006223
0 -0.0010056368 0.006223
0 -0.0010068814 0.006223
0 -0.001008126 0.006223
0 -0.0010093706 0.006223
0 -0.0010106152 0.006223
0 -0.0010118598 0.006223
0 -0.0010131044 0.006223
0 -0.001014349 0.006223
0 -0.0010155936 0.006223
0 -0.0010168382 0.006223
0 -0.0010180828 0.006223
0 -0.0010193274 0.006223
0 -0.001020572 0.006223
0 -0.0010218166 0.006223
0 -0.0010230612 0.006223
0 -0.0010243058 0.006223
0 -0.0010255504 0.006223
0 -0.001026795 0.006223
0 -0.0010280396 0.006223
0 -0.0010292842 0.006223
0 -0.0010305288 0.006223
0 -0.0010317734 0.006223
0 -0.001033018 0.006223
0 -0.0010342626 0.006223
0 -0.0010355072 0.006223
0 -0.0010367518 0.006223
0 -0.0010379964 0.006223
0 -0.001039241 0.006223
0 -0.0010404856 0.006223
0 -0.0010417302 0.006223
0 -0.0010429748 0.006223
0 -0.0010442194 0.006223
0 -0.001045464 0.006223
0 -0.0010467086 0.006223
0 -0.0010479532 0.006223
0 -0.0010491978 0.006223
0 -0.0010504424 0.006223
0 -0.001051687 0.006223
0 -0.0010529316 0.006223
0 -0.0010541762 0.006223
0 -0.0010554208 0.006223
0 -0.0010566654 0.006223
0 -0.00105791 0.006223
0 -0.0010591546 0.006223
0 -0.0010603992 0.006223
0 -0.0010616438 0.006223
0 -0.0010628884 0.006223
0 -0.001064133 0.006223
0 -0.0010653776 0.006223
0 -0.0010666222 0.006223
0 -0.0010678668 0.006223
0 -0.0010691114 0.006223
0 -0.001070356 0.006223
0 -0.0010716006 0.006223
0 -0.0010728452 0.006223
0 -0.0010740898 0.006223
0 -0.0010753344 0.006223
0 -0.001076579 0.006223
0 -0.0010778236 0.006223
0 -0.0010790682 0.006223
0 -0.0010803128 0.006223
0 -0.0010815574 0.006223
0 -0.001082802 0.006223
0 -0.0010840466 0.006223
0 -0.0010852912 0.006223
0 -0.0010865358 0.006223
0 -0.0010877804 0.006223
0 -0.001089025 0.006223
0 -0.0010902696 0.006223
0 -0.0010915142 0.006223
0 -0.0010927588 0.006223
0 -0.0010940034 0.006223
0 -0.001095248 0.006223
0 -0.0010964926 0.006223
0 -0.0010977372 0.006223
0 -0.0010989818 0.006223
0 -0.0011002264 0.006223
0 -0.001101471 0.006223
0 -0.0011027156 0.006223
0 -0.0011039602 0.006223
0 -0.0011052048 0.006223
0 -0.0011064494 0.006223
0 -0.001107694 0.006223
0 -0.0011089386 0.006223
0 -0.0011101832 0.006223
0 -0.0011114278 0.006223
0 -0.0011126724 0.006223
0 -0.001113917 0.006223
0 -0.0011151616 0.006223
0 -0.0011164062 0.006223
0 -0.0011176508 0.006223
0 -0.0011188954 0.006223
0 -0.00112014 0.006223
0 -0.0011213846 0.006223
0 -0.0011226292 0.006223
0 -0.0011238738 0.006223
0 -0.0011251184 0.006223
0 -0.001126363 0.006223
0 -0.0011276076 0.006223
0 -0.0011288522 0.006223
0 -0.0011300968 0.006223
0 -0.0011313414 0.006223
0 -0.001132586 0.006223
0 -0.0011338306 0.006223
0 -0.0011350752 0.006223
0 -0.0011363198 0.006223
0 -0.0011375644 0.006223
0 -0.001138809 0.006223
0 -0.0011400536 0.006223
0 -0.0011412982 0.006223
0 -0.0011425428 0.006223
0 -0.0011437874 0.006223
0 -0.001145032 0.006223
0 -0.0011462766 0.006223
0 -0.0011475212 0.006223
0 -0.0011487658 0.006223
0 -0.0011500104 0.006223
0 -0.001151255 0.006223
0 -0.0011524996 0.006223
0 -0.0011537442 0.006223
0 -0.0011549888 0.006223
0 -0.0011562334 0.006223
0 -0.001157478 0.006223
0 -0.0011587226 0.006223
0 -0.0011599672 0.006223
0 -0.0011612118 0.006223
0 -0.0011624564 0.006223
0 -0.001163701 0.006223
0 -0.0011649456 0.006223
0 -0.0011661902 0.006223
0 -0.0011674348 0.006223
0 -0.0011686794 0.006223
0 -0.001169924 0.006223
0 -0.0011711686 0.006223
0 -0.0011724132 0.006223
0 -0.0011736578 0.006223
0 -0.0011749024 0.006223
0 -0.001176147 0.006223
0 -0.0011773916 0.006223
0 -0.0011786362 0.006223
0 -0.0011798808 0.006223
0 -0.0011811254 0.006223
0 -0.00118237 0.006223
0 -0.0011836146 0.006223
0 -0.0011848592 0.006223
0 -0.0011861038 0.006223
0 -0.0011873484 0.006223
0 -0.001188593 0.006223
0 -0.0011898376 0.006223
0 -0.0011910822 0.006223
0 -0.0011923268 0.006223
0 -0.0011935714 0.006223
0 -0.001194816 0.006223
0 -0.0011960606 0.006223
0 -0.0011973052 0.006223
0 -0.0011985498 0.006223
0 -0.0011997944 0.006223
0 -0.001201039 0.006223
0 -0.0012022836 0.006223
0 -0.0012035282 0.006223
0 -0.0012047728 0.006223
0 -0.0012060174 0.006223
0 -0.001207262 0.006223
0 -0.0012085066 0.006223
0 -0.0012097512 0.006223
0 -0.0012109958 0.006223
0 -0.0012122404 0.006223
0 -0.001213485 0.006223
0 -0.0012147296 0.006223
0 -0.0012159742 0.006223
0 -0.0012172188 0.006223
0 -0.0012184634 0.006223
0 -0.001219708 0.006223
0 -0.0012209526 0.006223
0 -0.0012221972 0.006223
0 -0.0012234418 0.006223
0 -0.0012246864 0.006223
0 -0.001225931 0.006223
0 -0.0012271756 0.006223
0 -0.0012284202 0.006223
0 -0.0012296648 0.006223
0 -0.0012309094 0.006223
0 -0.001232154 0.006223
0 -0.0012333986 0.006223
0 -0.0012346432 0.006223
0 -0.0012358878 0.006223
0 -0.0012371324 0.006223
0 -0.001238377 0.006223
0 -0.0012396216 0.006223
0 -0.0012408662 0.006223
0 -0.0012421108 0.006223
0 -0.0012433554 0.006223
0 -0.0012446 0.006223
0 -0.0012458446 0.006223
0 -0.0012470892 0.006223
0 -0.0012483338 0.006223
0 -0.0012495784 0.006223
0 -0.001250823 0.006223
0 -0.0012520676 0.006223
0 -0.0012533122 0.006223
0 -0.0012545568 0.006223
0 -0.0012558014 0.006223
0 -0.001257046 0.006223
0 -0.0012582906 0.006223
0 -0.0012595352 0.006223
0 -0.0012607798 0.006223
0 -0.0012620244 0.006223
0 -0.001263269 0.006223
0 -0.0012645136 0.006223
0 -0.0012657582 0.006223
0 -0.0012670028 0.006223
0 -0.0012682474 0.006223
0 -0.001269492 0.006223
0 -0.0012707366 0.006223
0 -0.0012719812 0.006223
0 -0.0012732258 0.006223
0 -0.0012744704 0.006223
0 -0.001275715 0.006223
0 -0.0012769596 0.006223
0 -0.0012782042 0.006223
0 -0.0012794488 0.006223
0 -0.0012806934 0.006223
0 -0.001281938 0.006223
0 -0.0012831826 0.006223
0 -0.0012844272 0.006223
0 -0.0012856718 0.006223
0 -0.0012869164 0.006223
0 -0.001288161 0.006223
0 -0.0012894056 0.006223
0 -0.0012906502 0.006223
0 -0.0012918948 0.006223
0 -0.0012931394 0.006223
0 -0.001294384 0.006223
0 -0.0012956286 0.006223
0 -0.0012968732 0.006223
0 -0.0012981178 0.006223
0 -0.0012993624 0.006223
0 -0.001300607 0.006223
0 -0.0013018516 0.006223
0 -0.0013030962 0.006223
0 -0.0013043408 0.006223
0 -0.0013055854 0.006223
0 -0.00130683 0.006223
0 -0.0013080746 0.006223
0 -0.0013093192 0.006223
0 -0.0013105638 0.006223
0 -0.0013118084 0.006223
0 -0.001313053 0.006223
0 -0.0013142976 0.006223
0 -0.0013155422 0.006223
0 -0.0013167868 0.006223
0 -0.0013180314 0.006223
0 -0.001319276 0.006223
0 -0.0013205206 0.006223
0 -0.0013217652 0.006223
0 -0.0013230098 0.006223
0 -0.0013242544 0.006223
0 -0.001325499 0.006223
0 -0.0013267436 0.006223
0 -0.0013279882 0.006223
0 -0.0013292328 0.006223
0 -0.0013304774 0.006223
0 -0.001331722 0.006223
0 -0.0013329666 0.006223
0 -0.0013342112 0.006223
0 -0.0013354558 0.006223
0 -0.0013367004 0.006223
0 -0.001337945 0.006223
0 -0.0013391896 0.006223
0 -0.0013404342 0.006223
0 -0.0013416788 0.006223
0 -0.0013429234 0.006223
0 -0.001344168 0.006223
0 -0.0013454126 0.006223
0 -0.0013466572 0.006223
0 -0.0013479018 0.006223
0 -0.0013491464 0.006223
0 -0.001350391 0.006223
0 -0.0013516356 0.006223
0 -0.0013528802 0.006223
0 -0.0013541248 0.006223
0 -0.0013553694 0.006223
0 -0.001356614 0.006223
0 -0.0013578586 0.006223
0 -0.0013591032 0.006223
0 -0.0013603478 0.006223
0 -0.0013615924 0.006223
0 -0.001362837 0.006223
0 -0.0013640816 0.006223
0 -0.0013653262 0.006223
0 -0.0013665708 0.006223
0 -0.0013678154 0.006223
0 -0.00136906 0.006223
0 -0.0013703046 0.006223
0 -0.0013715492 0.006223
0 -0.0013727938 0.006223
0 -0.0013740384 0.006223
0 -0.001375283 0.006223
0 -0.0013765276 0.006223
0 -0.0013777722 0.006223
0 -0.0013790168 0.006223
0 -0.0013802614 0.006223
0 -0.001381506 0.006223
0 -0.0013827506 0.006223
0 -0.0013839952 0.006223
0 -0.0013852398 0.006223
0 -0.0013864844 0.006223
0 -0.001387729 0.006223
0 -0.0013889736 0.006223
0 -0.0013902182 0.006223
0 -0.0013914628 0.006223
0 -0.0013927074 0.006223
0 -0.001393952 0.006223
0 -0.0013951966 0.006223
0 -0.0013964412 0.006223
0 -0.0013976858 0.006223
0 -0.0013989304 0.006223
0 -0.001400175 0.006223
0 -0.0014014196 0.006223
0 -0.0014026642 0.006223
0 -0.0014039088 0.006223
0 -0.0014051534 0.006223
0 -0.001406398 0.006223
0 -0.0014076426 0.006223
0 -0.0014088872 0.006223
0 -0.0014101318 0.006223
0 -0.0014113764 0.006223
0 -0.001412621 0.006223
0 -0.0014138656 0.006223
0 -0.0014151102 0.006223
0 -0.0014163548 0.006223
0 -0.0014175994 0.006223
0 -0.001418844 0.006223
0 -0.0014200886 0.006223
0 -0.0014213332 0.006223
0 -0.0014225778 0.006223
0 -0.0014238224 0.006223
0 -0.001425067 0.006223
0 -0.0014263116 0.006223
0 -0.0014275562 0.006223
0 -0.0014288008 0.006223
0 -0.0014300454 0.006223
0 -0.00143129 0.006223
0 -0.0014325346 0.006223
0 -0.0014337792 0.006223
0 -0.0014350238 0.006223
0 -0.0014362684 0.006223
0 -0.001437513 0.006223
0 -0.0014387576 0.006223
0 -0.0014400022 0.006223
0 -0.0014412468 0.006223
0 -0.0014424914 0.006223
0 -0.001443736 0.006223
0 -0.0014449806 0.006223
0 -0.0014462252 0.006223
0 -0.0014474698 0.006223
0 -0.0014487144 0.006223
0 -0.001449959 0.006223
0 -0.0014512036 0.006223
0 -0.0014524482 0.006223
0 -0.0014536928 0.006223
0 -0.0014549374 0.006223
0 -0.001456182 0.006223
0 -0.0014574266 0.006223
0 -0.0014586712 0.006223
0 -0.0014599158 0.006223
0 -0.0014611604 0.006223
0 -0.001462405 0.006223
0 -0.0014636496 0.006223
0 -0.0014648942 0.006223
0 -0.0014661388 0.006223
0 -0.0014673834 0.006223
0 -0.001468628 0.006223
0 -0.0014698726 0.006223
0 -0.0014711172 0.006223
0 -0.0014723618 0.006223
0 -0.0014736064 0.006223
0 -0.001474851 0.006223
0 -0.0014760956 0.006223
0 -0.0014773402 0.006223
0 -0.0014785848 0.006223
0 -0.0014798294 0.006223
0 -0.001481074 0.006223
0 -0.0014823186 0.006223
0 -0.0014835632 0.006223
0 -0.0014848078 0.006223
0 -0.0014860524 0.006223
0 -0.001487297 0.006223
0 -0.0014885416 0.006223
0 -0.0014897862 0.006223
0 -0.0014910308 0.006223
0 -0.0014922754 0.006223
0 -0.00149352 0.006223
0 -0.0014947646 0.006223
0 -0.0014960092 0.006223
0 -0.0014972538 0.006223
0 -0.0014984984 0.006223
0 -0.001499743 0.006223
0 -0.0015009876 0.006223
0 -0.0015022322 0.006223
0 -0.0015034768 0.006223
0 -0.0015047214 0.006223
0 -0.001505966 0.006223
0 -0.0015072106 0.006223
0 -0.0015084552 0.006223
0 -0.0015096998 0.006223
0 -0.0015109444 0.006223
0 -0.001512189 0.006223
0 -0.0015134336 0.006223
0 -0.0015146782 0.006223
0 -0.0015159228 0.006223
0 -0.0015171674 0.006223
0 -0.001518412 0.006223
0 -0.0015196566 0.006223
0 -0.0015209012 0.006223
0 -0.0015221458 0.006223
0 -0.0015233904 0.006223
0 -0.001524635 0.006223
0 -0.0015258796 0.006223
0 -0.0015271242 0.006223
0 -0.0015283688 0.006223
0 -0.0015296134 0.006223
0 -0.001530858 0.006223
0 -0.0015321026 0.006223
0 -0.0015333472 0.006223
0 -0.0015345918 0.006223
0 -0.0015358364 0.006223
0 -0.001537081 0.006223
0 -0.0015383256 0.006223
0 -0.0015395702 0.006223
0 -0.0015408148 0.006223
0 -0.0015420594 0.006223
0 -0.001543304 0.006223
0 -0.0015445486 0.006223
0 -0.0015457932 0.006223
0 -0.0015470378 0.006223
0 -0.0015482824 0.006223
0 -0.001549527 0.006223
0 -0.0015507716 0.006223
0 -0.0015520162 0.006223
0 -0.0015532608 0.006223
0 -0.0015545054 0.006223
0 -0.00155575 0.006223
0 -0.0015569946 0.006223
0 -0.0015582392 0.006223
0 -0.0015594838 0.006223
0 -0.0015607284 0.006223
0 -0.001561973 0.006223
0 -0.0015632176 0.006223
0 -0.0015644622 0.006223
0 -0.0015657068 0.006223
0 -0.0015669514 0.006223
0 -0.001568196 0.006223
0 -0.0015694406 0.006223
0 -0.0015706852 0.006223
0 -0.0015719298 0.006223
0 -0.0015731744 0.006223
0 -0.001574419 0.006223
0 -0.0015756636 0.006223
0 -0.0015769082 0.006223
0 -0.0015781528 0.006223
0 -0.0015793974 0.006223
0 -0.001580642 0.006223
0 -0.0015818866 0.006223
0 -0.0015831312 0.006223
0 -0.0015843758 0.006223
0 -0.0015856204 0.006223
0 -0.001586865 0.006223
0 -0.0015881096 0.006223
0 -0.0015893542 0.006223
0 -0.0015905988 0.006223
0 -0.0015918434 0.006223
0 -0.001593088 0.006223
0 -0.0015943326 0.006223
0 -0.0015955772 0.006223
0 -0.0015968218 0.006223
0 -0.0015980664 0.006223
0 -0.001599311 0.006223
0 -0.0016005556 0.006223
0 -0.0016018002 0.006223
0 -0.0016030448 0.006223
0 -0.0016042894 0.006223
0 -0.001605534 0.006223
0 -0.0016067786 0.006223
0 -0.0016080232 0.006223
0 -0.0016092678 0.006223
0 -0.0016105124 0.006223
0 -0.001611757 0.006223
0 -0.0016130016 0.006223
0 -0.0016142462 0.006223
0 -0.0016154908 0.006223
0 -0.0016167354 0.006223
0 -0.00161798 0.006223
0 -0.0016192246 0.006223
0 -0.0016204692 0.006223
0 -0.0016217138 0.006223
0 -0.0016229584 0.006223
0 -0.001624203 0.006223
0 -0.0016254476 0.006223
0 -0.0016266922 0.006223
0 -0.0016279368 0.006223
0 -0.0016291814 0.006223
0 -0.001630426 0.006223
0 -0.0016316706 0.006223
0 -0.0016329152 0.006223
0 -0.0016341598 0.006223
0 -0.0016354044 0.006223
0 -0.001636649 0.006223
0 -0.0016378936 0.006223
0 -0.0016391382 0.006223
0 -0.0016403828 0.006223
0 -0.0016416274 0.006223
0 -0.001642872 0.006223
0 -0.0016441166 0.006223
0 -0.0016453612 0.006223
0 -0.0016466058 0.006223
0 -0.0016478504 0.006223
0 -0.001649095 0.006223
0 -0.0016503396 0.006223
0 -0.0016515842 0.006223
0 -0.0016528288 0.006223
0 -0.0016540734 0.006223
0 -0.001655318 0.006223
0 -0.0016565626 0.006223
0 -0.0016578072 0.006223
0 -0.0016590518 0.006223
0 -0.0016602964 0.006223
0 -0.001661541 0.006223
0 -0.0016627856 0.006223
0 -0.0016640302 0.006223
0 -0.0016652748 0.006223
0 -0.0016665194 0.006223
0 -0.001667764 0.006223
0 -0.0016690086 0.006223
0 -0.0016702532 0.006223
0 -0.0016714978 0.006223
0 -0.0016727424 0.006223
0 -0.001673987 0.006223
0 -0.0016752316 0.006223
0 -0.0016764762 0.006223
0 -0.0016777208 0.006223
0 -0.0016789654 0.006223
0 -0.00168021 0.006223
0 -0.0016814546 0.006223
0 -0.0016826992 0.006223
0 -0.0016839438 0.006223
0 -0.0016851884 0.006223
0 -0.001686433 0.006223
0 -0.0016876776 0.006223
0 -0.0016889222 0.006223
0 -0.0016901668 0.006223
0 -0.0016914114 0.006223
0 -0.001692656 0.006223
0 -0.0016939006 0.006223
0 -0.0016951452 0.006223
0 -0.0016963898 0.006223
0 -0.0016976344 0.006223
0 -0.001698879 0.006223
0 -0.0017001236 0.006223
0 -0.0017013682 0.006223
0 -0.0017026128 0.006223
0 -0.0017038574 0.006223
0 -0.001705102 0.006223
0 -0.0017063466 0.006223
0 -0.0017075912 0.006223
0 -0.0017088358 0.006223
0 -0.0017100804 0.006223
0 -0.001711325 0.006223
0 -0.0017125696 0.006223
0 -0.0017138142 0.006223
0 -0.0017150588 0.006223
0 -0.0017163034 0.006223
0 -0.001717548 0.006223
0 -0.0017187926 0.006223
0 -0.0017200372 0.006223
0 -0.0017212818 0.006223
0 -0.0017225264 0.006223
0 -0.001723771 0.006223
0 -0.0017250156 0.006223
0 -0.0017262602 0.006223
0 -0.0017275048 0.006223
0 -0.0017287494 0.006223
0 -0.001729994 0.006223
0 -0.0017312386 0.006223
0 -0.0017324832 0.006223
0 -0.0017337278 0.006223
0 -0.0017349724 0.006223
0 -0.001736217 0.006223
0 -0.0017374616 0.006223
0 -0.0017387062 0.006223
0 -0.0017399508 0.006223
0 -0.0017411954 0.006223
0 -0.00174244 0.006223
0 -0.0017436846 0.006223
0 -0.0017449292 0.006223
0 -0.0017461738 0.006223
0 -0.0017474184 0.006223
0 -0.001748663 0.006223
0 -0.0017499076 0.006223
0 -0.0017511522 0.006223
0 -0.0017523968 0.006223
0 -0.0017536414 0.006223
0 -0.001754886 0.006223
0 -0.0017561306 0.006223
0 -0.0017573752 0.006223
0 -0.0017586198 0.006223
0 -0.0017598644 0.006223
0 -0.001761109 0.006223
0 -0.0017623536 0.006223
0 -0.0017635982 0.006223
0 -0.0017648428 0.006223
0 -0.0017660874 0.006223
0 -0.001767332 0.006223
0 -0.0017685766 0.006223
0 -0.0017698212 0.006223
0 -0.0017710658 0.006223
0 -0.0017723104 0.006223
0 -0.001773555 0.006223
0 -0.0017747996 0.006223
0 -0.0017760442 0.006223
0 -0.0017772888 0.006223
0 -0.0017785334 0.006223
0 -0.001779778 0.006223
0 -0.0017810226 0.006223
0 -0.0017822672 0.006223
0 -0.0017835118 0.006223
0 -0.0017847564 0.006223
0 -0.001786001 0.006223
0 -0.0017872456 0.006223
0 -0.0017884902 0.006223
0 -0.0017897348 0.006223
0 -0.0017909794 0.006223
0 -0.001792224 0.006223
0 -0.0017934686 0.006223
0 -0.0017947132 0.006223
0 -0.0017959578 0.006223
0 -0.0017972024 0.006223
0 -0.001798447 0.006223
0 -0.0017996916 0.006223
0 -0.0018009362 0.006223
0 -0.0018021808 0.006223
0 -0.0018034254 0.006223
0 -0.00180467 0.006223
0 -0.0018059146 0.006223
0 -0.0018071592 0.006223
0 -0.0018084038 0.006223
0 -0.0018096484 0.006223
0 -0.001810893 0.006223
0 -0.0018121376 0.006223
0 -0.0018133822 0.006223
0 -0.0018146268 0.006223
0 -0.0018158714 0.006223
0 -0.001817116 0.006223
0 -0.0018183606 0.006223
0 -0.0018196052 0.006223
0 -0.0018208498 0.006223
0 -0.0018220944 0.006223
0 -0.001823339 0.006223
0 -0.0018245836 0.006223
0 -0.0018258282 0.006223
0 -0.0018270728 0.006223
0 -0.0018283174 0.006223
0 -0.001829562 0.006223
0 -0.0018308066 0.006223
0 -0.0018320512 0.006223
0 -0.0018332958 0.006223
0 -0.0018345404 0.006223
0 -0.001835785 0.006223
0 -0.0018370296 0.006223
0 -0.0018382742 0.006223
0 -0.0018395188 0.006223
0 -0.0018407634 0.006223
0 -0.001842008 0.006223
0 -0.0018432526 0.006223
0 -0.0018444972 0.006223
0 -0.0018457418 0.006223
0 -0.0018469864 0.006223
0 -0.001848231 0.006223
0 -0.0018494756 0.006223
0 -0.0018507202 0.006223
0 -0.0018519648 0.006223
0 -0.0018532094 0.006223
0 -0.001854454 0.006223
0 -0.0018556986 0.006223
0 -0.0018569432 0.006223
0 -0.0018581878 0.006223
0 -0.0018594324 0.006223
0 -0.001860677 0.006223
0 -0.0018619216 0.006223
0 -0.0018631662 0.006223
0 -0.0018644108 0.006223
0 -0.0018656554 0.006223
0 -0.0018669 0.006223
0 -0.0018681446 0.006223
0 -0.0018693892 0.006223
0 -0.0018706338 0.006223
0 -0.0018718784 0.006223
0 -0.001873123 0.006223
0 -0.0018743676 0.006223
0 -0.0018756122 0.006223
0 -0.0018768568 0.006223
0 -0.0018781014 0.006223
0 -0.001879346 0.006223
0 -0.0018805906 0.006223
0 -0.0018818352 0.006223
0 -0.0018830798 0.006223
0 -0.0018843244 0.006223
0 -0.001885569 0.006223
0 -0.0018868136 0.006223
0 -0.0018880582 0.006223
0 -0.0018893028 0.006223
0 -0.0018905474 0.006223
0 -0.001891792 0.006223
0 -0.0018930366 0.006223
0 -0.0018942812 0.006223
0 -0.0018955258 0.006223
0 -0.0018967704 0.006223
0 -0.001898015 0.006223
0 -0.0018992596 0.006223
0 -0.0019005042 0.006223
0 -0.0019017488 0.006223
0 -0.0019029934 0.006223
0 -0.001904238 0.006223
0 -0.0019054826 0.006223
0 -0.0019067272 0.006223
0 -0.0019079718 0.006223
0 -0.0019092164 0.006223
0 -0.001910461 0.006223
0 -0.0019117056 0.006223
0 -0.0019129502 0.006223
0 -0.0019141948 0.006223
0 -0.0019154394 0.006223
0 -0.001916684 0.006223
0 -0.0019179286 0.006223
0 -0.0019191732 0.006223
0 -0.0019204178 0.006223
0 -0.0019216624 0.006223
0 -0.001922907 0.006223
0 -0.0019241516 0.006223
0 -0.0019253962 0.006223
0 -0.0019266408 0.006223
0 -0.0019278854 0.006223
0 -0.00192913 0.006223
0 -0.0019303746 0.006223
0 -0.0019316192 0.006223
0 -0.0019328638 0.006223
0 -0.0019341084 0.006223
0 -0.001935353 0.006223
0 -0.0019365976 0.006223
0 -0.0019378422 0.006223
0 -0.0019390868 0.006223
0 -0.0019403314 0.006223
0 -0.001941576 0.006223
0 -0.0019428206 0.006223
0 -0.0019440652 0.006223
0 -0.0019453098 0.006223
0 -0.0019465544 0.006223
0 -0.001947799 0.006223
0 -0.0019490436 0.006223
0 -0.0019502882 0.006223
0 -0.0019515328 0.006223
0 -0.0019527774 0.006223
0 -0.001954022 0.006223
0 -0.0019552666 0.006223
0 -0.0019565112 0.006223
0 -0.0019577558 0.006223
0 -0.0019590004 0.006223
0 -0.001960245 0.006223
0 -0.0019614896 0.006223
0 -0.0019627342 0.006223
0 -0.0019639788 0.006223
0 -0.0019652234 0.006223
0 -0.001966468 0.006223
0 -0.0019677126 0.006223
0 -0.0019689572 0.006223
0 -0.0019702018 0.006223
0 -0.0019714464 0.006223
0 -0.001972691 0.006223
0 -0.0019739356 0.006223
0 -0.0019751802 0.006223
0 -0.0019764248 0.006223
0 -0.0019776694 0.006223
0 -0.001978914 0.006223
0 -0.0019801586 0.006223
0 -0.0019814032 0.006223
0 -0.0019826478 0.006223
0 -0.0019838924 0.006223
0 -0.001985137 0.006223
0 -0.0019863816 0.006223
0 -0.0019876262 0.006223
0 -0.0019888708 0.006223
0 -0.0019901154 0.006223
0 -0.00199136 0.006223
0 -0.0019926046 0.006223
0 -0.0019938492 0.006223
0 -0.0019950938 0.006223
0 -0.0019963384 0.006223
0 -0.001997583 0.006223
0 -0.0019988276 0.006223
